Trade #,Balance,Profit,Risk %,Lot Size
1,$20.00,$0.40,1.00%,0.0
2,$20.40,$0.41,1.00%,0.0
3,$20.81,$0.42,1.00%,0.0
4,$21.22,$0.42,1.00%,0.0
5,$21.65,$0.43,1.00%,0.0
6,$22.08,$0.44,1.00%,0.0
7,$22.52,$0.45,1.00%,0.0
8,$22.97,$0.46,1.00%,0.0
9,$23.43,$0.47,1.00%,0.0
10,$23.90,$0.48,1.00%,0.0
11,$24.38,$0.49,1.00%,0.0
12,$24.87,$0.50,1.00%,0.0
13,$25.36,$0.51,1.00%,0.0
14,$25.87,$0.52,1.00%,0.0
15,$26.39,$0.53,1.00%,0.0
16,$26.92,$0.54,1.00%,0.0
17,$27.46,$0.55,1.00%,0.0
18,$28.00,$0.56,1.00%,0.0
19,$28.56,$0.57,1.00%,0.0
20,$29.14,$0.58,1.00%,0.0
21,$29.72,$0.59,1.00%,0.0
22,$30.31,$0.61,1.00%,0.0
23,$30.92,$0.62,1.00%,0.0
24,$31.54,$0.63,1.00%,0.0
25,$32.17,$0.64,1.00%,0.0
26,$32.81,$0.66,1.00%,0.0
27,$33.47,$0.67,1.00%,0.0
28,$34.14,$0.68,1.00%,0.0
29,$34.82,$0.70,1.00%,0.0
30,$35.52,$0.71,1.00%,0.0
31,$36.23,$0.72,1.00%,0.0
32,$36.95,$0.74,1.00%,0.0
33,$37.69,$0.75,1.00%,0.0
34,$38.44,$0.77,1.00%,0.0
35,$39.21,$0.78,1.00%,0.0
36,$40.00,$0.80,1.00%,0.0
37,$40.80,$0.82,1.00%,0.0
38,$41.61,$0.83,1.00%,0.0
39,$42.45,$0.85,1.00%,0.0
40,$43.29,$0.87,1.00%,0.0
41,$44.16,$0.88,1.00%,0.0
42,$45.04,$0.90,1.00%,0.0
43,$45.94,$0.92,1.00%,0.0
44,$46.86,$0.94,1.00%,0.0
45,$47.80,$0.96,1.00%,0.0
46,$48.76,$0.98,1.00%,0.0
47,$49.73,$0.99,1.00%,0.0
48,$50.73,$1.01,1.00%,0.0
49,$51.74,$1.03,1.00%,0.0
50,$52.78,$1.06,1.00%,0.0
51,$53.83,$1.08,1.00%,0.0
52,$54.91,$1.10,1.00%,0.0
53,$56.01,$1.12,1.00%,0.0
54,$57.13,$1.14,1.00%,0.0
55,$58.27,$1.17,1.00%,0.0
56,$59.43,$1.19,1.00%,0.0
57,$60.62,$1.21,1.00%,0.0
58,$61.84,$1.24,1.00%,0.0
59,$63.07,$1.26,1.00%,0.0
60,$64.33,$1.29,1.00%,0.0
61,$65.62,$1.31,1.00%,0.0
62,$66.93,$1.34,1.00%,0.0
63,$68.27,$1.37,1.00%,0.0
64,$69.64,$1.39,1.00%,0.0
65,$71.03,$1.42,1.00%,0.0
66,$72.45,$1.45,1.00%,0.0
67,$73.90,$1.48,1.00%,0.0
68,$75.38,$1.51,1.00%,0.0
69,$76.89,$1.54,1.00%,0.0
70,$78.42,$1.57,1.00%,0.0
71,$79.99,$1.60,1.00%,0.0
72,$81.59,$1.63,1.00%,0.0
73,$83.22,$1.66,1.00%,0.0
74,$84.89,$1.70,1.00%,0.0
75,$86.59,$1.73,1.00%,0.0
76,$88.32,$1.77,1.00%,0.0
77,$90.08,$1.80,1.00%,0.0
78,$91.88,$1.84,1.00%,0.0
79,$93.72,$1.87,1.00%,0.0
80,$95.60,$1.91,1.00%,0.0
81,$97.51,$1.95,1.00%,0.0
82,$99.46,$1.99,1.00%,0.0
83,$101.45,$2.03,1.00%,0.0
84,$103.48,$2.07,1.00%,0.0
85,$105.55,$2.11,1.00%,0.0
86,$107.66,$2.15,1.00%,0.0
87,$109.81,$2.20,1.00%,0.0
88,$112.01,$2.24,1.00%,0.0
89,$114.25,$2.28,1.00%,0.0
90,$116.53,$2.33,1.00%,0.0
91,$118.86,$2.38,1.00%,0.0
92,$121.24,$2.42,1.00%,0.0
93,$123.66,$2.47,1.00%,0.0
94,$126.14,$2.52,1.00%,0.0
95,$128.66,$2.57,1.00%,0.0
96,$131.23,$2.62,1.00%,0.0
97,$133.86,$2.68,1.00%,0.0
98,$136.54,$2.73,1.00%,0.0
99,$139.27,$2.79,1.00%,0.0
100,$142.05,$2.84,1.00%,0.0
101,$144.89,$2.90,1.00%,0.0
102,$147.79,$2.96,1.00%,0.0
103,$150.75,$3.01,1.00%,0.0
104,$153.76,$3.08,1.00%,0.0
105,$156.84,$3.14,1.00%,0.0
106,$159.97,$3.20,1.00%,0.0
107,$163.17,$3.26,1.00%,0.0
108,$166.44,$3.33,1.00%,0.0
109,$169.77,$3.40,1.00%,0.0
110,$173.16,$3.46,1.00%,0.0
111,$176.62,$3.53,1.00%,0.0
112,$180.16,$3.60,1.00%,0.0
113,$183.76,$3.68,1.00%,0.0
114,$187.43,$3.75,1.00%,0.0
115,$191.18,$3.82,1.00%,0.0
116,$195.01,$3.90,1.00%,0.0
117,$198.91,$3.98,1.00%,0.0
118,$202.89,$4.06,1.00%,0.0
119,$206.94,$4.14,1.00%,0.0
120,$211.08,$4.22,1.00%,0.0
121,$215.30,$4.31,1.00%,0.0
122,$219.61,$4.39,1.00%,0.0
123,$224.00,$4.48,1.00%,0.0
124,$228.48,$4.57,1.00%,0.0
125,$233.05,$4.66,1.00%,0.0
126,$237.71,$4.75,1.00%,0.0
127,$242.47,$4.85,1.00%,0.0
128,$247.32,$4.95,1.00%,0.0
129,$252.26,$5.05,1.00%,0.0
130,$257.31,$5.15,1.00%,0.0
131,$262.45,$5.25,1.00%,0.0
132,$267.70,$5.35,1.00%,0.0
133,$273.06,$5.46,1.00%,0.0
134,$278.52,$5.57,1.00%,0.0
135,$284.09,$5.68,1.00%,0.0
136,$289.77,$5.80,1.00%,0.0
137,$295.57,$5.91,1.00%,0.0
138,$301.48,$6.03,1.00%,0.0
139,$307.51,$6.15,1.00%,0.0
140,$313.66,$6.27,1.00%,0.0
141,$319.93,$6.40,1.00%,0.0
142,$326.33,$6.53,1.00%,0.0
143,$332.85,$6.66,1.00%,0.0
144,$339.51,$6.79,1.00%,0.0
145,$346.30,$6.93,1.00%,0.0
146,$353.23,$7.06,1.00%,0.0
147,$360.29,$7.21,1.00%,0.0
148,$367.50,$7.35,1.00%,0.0
149,$374.85,$7.50,1.00%,0.0
150,$382.35,$7.65,1.00%,0.0
151,$389.99,$7.80,1.00%,0.0
152,$397.79,$7.96,1.00%,0.0
153,$405.75,$8.11,1.00%,0.0
154,$413.86,$8.28,1.00%,0.0
155,$422.14,$8.44,1.00%,0.0
156,$430.58,$8.61,1.00%,0.0
157,$439.19,$8.78,1.00%,0.0
158,$447.98,$8.96,1.00%,0.0
159,$456.94,$9.14,1.00%,0.0
160,$466.08,$9.32,1.00%,0.0
161,$475.40,$9.51,1.00%,0.0
162,$484.91,$9.70,1.00%,0.0
163,$494.60,$9.89,1.00%,0.0
164,$504.50,$10.09,1.00%,0.01
165,$514.59,$10.29,1.00%,0.01
166,$524.88,$10.50,1.00%,0.01
167,$535.38,$10.71,1.00%,0.01
168,$546.08,$10.92,1.00%,0.01
169,$557.00,$11.14,1.00%,0.01
170,$568.14,$11.36,1.00%,0.01
171,$579.51,$11.59,1.00%,0.01
172,$591.10,$11.82,1.00%,0.01
173,$602.92,$12.06,1.00%,0.01
174,$614.98,$12.30,1.00%,0.01
175,$627.28,$12.55,1.00%,0.01
176,$639.82,$12.80,1.00%,0.01
177,$652.62,$13.05,1.00%,0.01
178,$665.67,$13.31,1.00%,0.01
179,$678.99,$13.58,1.00%,0.01
180,$692.57,$13.85,1.00%,0.01
181,$706.42,$14.13,1.00%,0.01
182,$720.54,$14.41,1.00%,0.01
183,$734.96,$14.70,1.00%,0.01
184,$749.65,$14.99,1.00%,0.01
185,$764.65,$15.29,1.00%,0.01
186,$779.94,$15.60,1.00%,0.01
187,$795.54,$15.91,1.00%,0.01
188,$811.45,$16.23,1.00%,0.01
189,$827.68,$16.55,1.00%,0.01
190,$844.23,$16.88,1.00%,0.01
191,$861.12,$17.22,1.00%,0.01
192,$878.34,$17.57,1.00%,0.01
193,$895.91,$17.92,1.00%,0.01
194,$913.83,$18.28,1.00%,0.01
195,$932.10,$18.64,1.00%,0.01
196,$950.74,$19.01,1.00%,0.01
197,$969.76,$19.40,1.00%,0.01
198,$989.15,$19.78,1.00%,0.01
199,$1008.94,$20.18,1.00%,0.01
200,$1029.12,$20.58,1.00%,0.01
201,$1049.70,$20.99,1.00%,0.01
202,$1070.69,$21.41,1.00%,0.01
203,$1092.11,$21.84,1.00%,0.01
204,$1113.95,$22.28,1.00%,0.01
205,$1136.23,$22.72,1.00%,0.01
206,$1158.95,$23.18,1.00%,0.01
207,$1182.13,$23.64,1.00%,0.01
208,$1205.77,$24.12,1.00%,0.01
209,$1229.89,$24.60,1.00%,0.01
210,$1254.49,$25.09,1.00%,0.01
211,$1279.58,$25.59,1.00%,0.01
212,$1305.17,$26.10,1.00%,0.01
213,$1331.27,$26.63,1.00%,0.01
214,$1357.90,$27.16,1.00%,0.01
215,$1385.05,$27.70,1.00%,0.01
216,$1412.76,$28.26,1.00%,0.01
217,$1441.01,$28.82,1.00%,0.01
218,$1469.83,$29.40,1.00%,0.01
219,$1499.23,$29.98,1.00%,0.01
220,$1529.21,$30.58,1.00%,0.02
221,$1559.80,$31.20,1.00%,0.02
222,$1590.99,$31.82,1.00%,0.02
223,$1622.81,$32.46,1.00%,0.02
224,$1655.27,$33.11,1.00%,0.02
225,$1688.37,$33.77,1.00%,0.02
226,$1722.14,$34.44,1.00%,0.02
227,$1756.58,$35.13,1.00%,0.02
228,$1791.72,$35.83,1.00%,0.02
229,$1827.55,$36.55,1.00%,0.02
230,$1864.10,$37.28,1.00%,0.02
231,$1901.38,$38.03,1.00%,0.02
232,$1939.41,$38.79,1.00%,0.02
233,$1978.20,$39.56,1.00%,0.02
234,$2017.76,$40.36,1.00%,0.02
235,$2058.12,$41.16,1.00%,0.02
236,$2099.28,$41.99,1.00%,0.02
237,$2141.27,$42.83,1.00%,0.02
238,$2184.09,$43.68,1.00%,0.02
239,$2227.77,$44.56,1.00%,0.02
240,$2272.33,$45.45,1.00%,0.02
241,$2317.77,$46.36,1.00%,0.02
242,$2364.13,$47.28,1.00%,0.02
243,$2411.41,$48.23,1.00%,0.02
244,$2459.64,$49.19,1.00%,0.02
245,$2508.83,$50.18,1.00%,0.03
246,$2559.01,$51.18,1.00%,0.03
247,$2610.19,$52.20,1.00%,0.03
248,$2662.39,$53.25,1.00%,0.03
249,$2715.64,$54.31,1.00%,0.03
250,$2769.96,$55.40,1.00%,0.03
251,$2825.35,$56.51,1.00%,0.03
252,$2881.86,$57.64,1.00%,0.03
253,$2939.50,$58.79,1.00%,0.03
254,$2998.29,$59.97,1.00%,0.03
255,$3058.25,$61.17,1.00%,0.03
256,$3119.42,$62.39,1.00%,0.03
257,$3181.81,$63.64,1.00%,0.03
258,$3245.44,$64.91,1.00%,0.03
259,$3310.35,$66.21,1.00%,0.03
260,$3376.56,$67.53,1.00%,0.03
261,$3444.09,$68.88,1.00%,0.03
262,$3512.97,$70.26,1.00%,0.04
263,$3583.23,$71.66,1.00%,0.04
264,$3654.90,$73.10,1.00%,0.04
265,$3728.00,$74.56,1.00%,0.04
266,$3802.56,$76.05,1.00%,0.04
267,$3878.61,$77.57,1.00%,0.04
268,$3956.18,$79.12,1.00%,0.04
269,$4035.30,$80.71,1.00%,0.04
270,$4116.01,$82.32,1.00%,0.04
271,$4198.33,$83.97,1.00%,0.04
272,$4282.29,$85.65,1.00%,0.04
273,$4367.94,$87.36,1.00%,0.04
274,$4455.30,$89.11,1.00%,0.04
275,$4544.41,$90.89,1.00%,0.05
276,$4635.29,$92.71,1.00%,0.05
277,$4728.00,$94.56,1.00%,0.05
278,$4822.56,$96.45,1.00%,0.05
279,$4919.01,$98.38,1.00%,0.05
280,$5017.39,$100.35,1.00%,0.05
281,$5117.74,$102.35,1.00%,0.05
282,$5220.09,$104.40,1.00%,0.05
283,$5324.50,$106.49,1.00%,0.05
284,$5430.99,$108.62,1.00%,0.05
285,$5539.60,$110.79,1.00%,0.06
286,$5650.40,$113.01,1.00%,0.06
287,$5763.40,$115.27,1.00%,0.06
288,$5878.67,$117.57,1.00%,0.06
289,$5996.25,$119.92,1.00%,0.06
290,$6116.17,$122.32,1.00%,0.06
291,$6238.49,$124.77,1.00%,0.06
292,$6363.26,$127.27,1.00%,0.06
293,$6490.53,$129.81,1.00%,0.06
294,$6620.34,$132.41,1.00%,0.07
295,$6752.75,$135.05,1.00%,0.07
296,$6887.80,$137.76,1.00%,0.07
297,$7025.56,$140.51,1.00%,0.07
298,$7166.07,$143.32,1.00%,0.07
299,$7309.39,$146.19,1.00%,0.07
300,$7455.58,$149.11,1.00%,0.07
301,$7604.69,$152.09,1.00%,0.08
302,$7756.78,$155.14,1.00%,0.08
303,$7911.92,$158.24,1.00%,0.08
304,$8070.16,$161.40,1.00%,0.08
305,$8231.56,$164.63,1.00%,0.08
306,$8396.19,$167.92,1.00%,0.08
307,$8564.12,$171.28,1.00%,0.09
308,$8735.40,$174.71,1.00%,0.09
309,$8910.11,$178.20,1.00%,0.09
310,$9088.31,$181.77,1.00%,0.09
311,$9270.07,$185.40,1.00%,0.09
312,$9455.48,$189.11,1.00%,0.09
313,$9644.59,$192.89,1.00%,0.1
314,$9837.48,$196.75,1.00%,0.1
315,$10034.23,$200.68,1.00%,0.1
316,$10234.91,$204.70,1.00%,0.1
317,$10439.61,$208.79,1.00%,0.1
318,$10648.40,$212.97,1.00%,0.11
319,$10861.37,$217.23,1.00%,0.11
320,$11078.60,$221.57,1.00%,0.11
321,$11300.17,$226.00,1.00%,0.11
322,$11526.17,$230.52,1.00%,0.12
323,$11756.70,$235.13,1.00%,0.12
324,$11991.83,$239.84,1.00%,0.12
325,$12231.67,$244.63,1.00%,0.12
326,$12476.30,$249.53,1.00%,0.12
327,$12725.83,$254.52,1.00%,0.13
328,$12980.34,$259.61,1.00%,0.13
329,$13239.95,$264.80,1.00%,0.13
330,$13504.75,$270.09,1.00%,0.14
331,$13774.84,$275.50,1.00%,0.14
332,$14050.34,$281.01,1.00%,0.14
333,$14331.35,$286.63,1.00%,0.14
334,$14617.97,$292.36,1.00%,0.15
335,$14910.33,$298.21,1.00%,0.15
336,$15208.54,$304.17,1.00%,0.15
337,$15512.71,$310.25,1.00%,0.16
338,$15822.97,$316.46,1.00%,0.16
339,$16139.42,$322.79,1.00%,0.16
340,$16462.21,$329.24,1.00%,0.16
341,$16791.46,$335.83,1.00%,0.17
342,$17127.29,$342.55,1.00%,0.17
343,$17469.83,$349.40,1.00%,0.17
344,$17819.23,$356.38,1.00%,0.18
345,$18175.61,$363.51,1.00%,0.18
346,$18539.13,$370.78,1.00%,0.19
347,$18909.91,$378.20,1.00%,0.19
348,$19288.11,$385.76,1.00%,0.19
349,$19673.87,$393.48,1.00%,0.2
